4294967278,54
4294967278,53
4294967278,52
4294967278,46
4294967278,39
4294967279,55
4294967279,54
4294967279,53
4294967279,52
4294967279,46
4294967279,40
4294967279,35
4294967279,15
4294967279,7
4294967293,131
4294967293,130
4294967293,129
4294967293,128
4294967293,127
4294967293,126
4294967293,125
4294967293,124
4294967293,123
4294967293,122
4294967293,121
4294967293,120
4294967293,119
4294967293,118
4294967293,117
4294967293,116
4294967293,115
4294967293,114
4294967293,113
4294967293,112
4294967293,111
4294967293,110
4294967293,109
4294967293,108
4294967293,107
4294967293,106
4294967293,105
4294967293,104
4294967293,103
4294967293,102
4294967293,101
4294967293,100
4294967293,99
4294967293,98
4294967293,97
4294967293,96
4294967293,95
4294967293,94
4294967293,93
4294967293,92
4294967293,91
4294967293,90
4294967293,89
4294967293,87
4294967293,86
4294967293,85
4294967293,84
4294967293,83
4294967293,82
4294967293,81
4294967293,80
4294967293,79
4294967293,78
4294967293,77
4294967293,76
4294967293,75
4294967293,74
4294967293,73
4294967293,72
4294967293,71
4294967293,70
4294967293,69
4294967293,68
4294967293,67
4294967293,66
4294967293,65
4294967293,64
4294967293,63
4294967293,62
4294967293,61
4294967293,60
4294967293,59
4294967293,58
4294967293,57
4294967293,56
4294967293,55
4294967293,54
4294967293,53
4294967293,52
4294967293,51
4294967293,50
4294967293,49
4294967293,48
4294967293,47
4294967293,46
4294967293,45
4294967293,44
4294967293,43
4294967293,42
4294967293,41
4294967293,40
4294967293,39
4294967293,38
4294967293,37
4294967293,36
4294967293,35
4294967293,34
4294967293,33
4294967293,32
4294967293,31
4294967293,30
4294967293,29
4294967293,28
4294967293,27
4294967293,26
4294967293,25
4294967293,24
4294967293,23
4294967293,22
4294967293,21
4294967293,20
4294967293,19
4294967293,18
4294967293,17
4294967293,16
4294967293,15
4294967293,14
4294967293,13
4294967293,12
4294967293,11
4294967293,10
4294967293,9
4294967293,8
4294967293,7
4294967293,6
4294967293,5
4294967293,4
4294967293,3
4294967278,352
4294967278,132
4294967278,131
4294967278,130
4294967278,256
4294967278,129
4294967278,128
4294967278,347
4294967278,127
4294967278,125
4294967278,369
4294967278,123
4294967278,362
4294967278,122
4294967278,380
4294967278,243
4294967278,117
4294967278,227
4294967278,108
4294967278,379
4294967278,367
4294967278,92
4294967278,361
4294967278,91
4294967278,366
4294967278,86
4294967278,378
4294967278,85
4294967278,360
4294967278,82
4294967278,359
4294967278,358
4294967278,75
4294967278,377
4294967278,357
4294967278,65
4294967278,315
4294967278,64
4294967278,50
4294967278,305
4294967278,49
4294967278,376
4294967278,48
4294967278,47
4294967278,365
4294967278,45
4294967278,44
4294967278,375
4294967278,43
4294967278,42
4294967278,40
4294967278,356
4294967278,364
4294967278,374
4294967278,363
4294967278,355
4294967278,373
4294967278,354
4294967278,348
4294967278,174
4294967278,0
4294967279,436
4294967279,410
4294967279,434
4294967279,2
4294967279,102
4294967279,431
4294967279,426
4294967279,91
4294967279,90
4294967279,89
4294967279,87
4294967279,430
4294967279,425
4294967279,85
4294967279,424
4294967279,84
4294967279,423
4294967279,422
4294967279,82
4294967279,421
4294967279,81
4294967279,80
4294967279,79
4294967279,78
4294967279,420
4294967279,419
4294967279,418
4294967279,411
4294967279,417
4294967279,429
4294967279,51
4294967279,50
4294967279,48
4294967279,47
4294967279,416
4294967279,44
4294967279,43
4294967279,41
4294967279,305
4294967279,39
4294967279,38
4294967279,37
4294967279,36
4294967279,34
4294967279,33
4294967279,32
4294967279,31
4294967279,299
4294967279,30
4294967279,29
4294967279,28
4294967279,27
4294967279,26
4294967279,25
4294967279,24
4294967279,23
4294967279,22
4294967279,21
4294967279,428
4294967279,20
4294967279,19
4294967279,18
4294967279,17
4294967279,16
4294967279,415
4294967279,288
4294967279,14
4294967279,13
4294967279,282
4294967279,9
4294967279,88
4294967279,0
4294967279,281
4294967279,4
4294967294,5
4294967294,92
4294967294,88
4294967294,85
4294967294,1163
4294967294,470
4294967294,0
4294967294,107
4294967294,999
4294967294,998
4294967294,997
4294967294,995
4294967294,994
4294967294,993
4294967294,991
4294967294,990
4294967294,989
4294967294,988
4294967294,985
4294967294,984
4294967294,983
4294967294,982
4294967294,981
4294967294,979
4294967294,978
4294967294,976
4294967294,975
4294967294,974
4294967294,972
4294967294,967
4294967294,965
4294967294,963
4294967294,960
4294967294,959
4294967294,957
4294967294,956
4294967294,731
4294967294,953
4294967294,952
4294967294,951
4294967294,942
4294967294,940
4294967294,934
4294967294,933
4294967294,930
4294967294,929
4294967294,927
4294967294,926
4294967294,925
4294967294,924
4294967294,923
4294967294,916
4294967294,912
4294967294,911
4294967294,909
4294967294,908
4294967294,906
4294967294,904
4294967294,903
4294967294,900
4294967294,898
4294967294,896
4294967294,894
4294967294,893
4294967294,892
4294967294,891
4294967294,890
4294967294,2184
4294967294,889
4294967294,887
4294967294,885
4294967294,884
4294967294,883
4294967294,882
4294967294,881
4294967294,880
4294967294,879
4294967294,467
4294967294,874
4294967294,873
4294967294,871
4294967294,870
4294967294,869
4294967294,867
4294967294,866
4294967294,865
4294967294,451
4294967294,864
4294967294,863
4294967294,862
4294967294,861
4294967294,860
4294967294,859
4294967294,858
4294967294,857
4294967294,854
4294967294,853
4294967294,852
4294967294,851
4294967294,849
4294967294,848
4294967294,847
4294967294,846
4294967294,723
4294967294,845
4294967294,844
4294967294,1078
4294967294,841
4294967294,839
4294967294,837
4294967294,833
4294967294,829
4294967294,825
4294967294,824
4294967294,823
4294967294,822
4294967294,820
4294967294,817
4294967294,814
4294967294,810
4294967294,808
4294967294,807
4294967294,806
4294967294,413
4294967294,805
4294967294,804
4294967294,716
4294967294,802
4294967294,792
4294967294,791
4294967294,186
4294967294,786
4294967294,784
4294967294,782
4294967294,779
4294967294,776
4294967294,771
4294967294,409
4294967294,2183
4294967294,770
4294967294,2181
4294967294,769
4294967294,768
4294967294,703
4294967294,702
4294967294,701
4294967294,700
4294967294,1029
4294967294,697
4294967294,693
4294967294,692
4294967294,691
4294967294,690
4294967294,687
4294967294,686
4294967294,685
4294967294,684
4294967294,681
4294967294,677
4294967294,671
4294967294,669
4294967294,668
4294967294,2182
4294967294,666
4294967294,662
4294967294,661
4294967294,659
4294967294,656
4294967294,1245
4294967294,652
4294967294,651
4294967294,649
4294967294,648
4294967294,645
4294967294,29
4294967294,644
4294967294,643
4294967294,642
4294967294,641
4294967294,640
4294967294,638
4294967294,636
4294967294,633
4294967294,628
4294967294,28
4294967294,625
4294967294,617
4294967294,616
4294967294,722
4294967294,629
4294967294,613
4294967294,712
4294967294,609
4294967294,608
4294967294,704
4294967294,605
1,0
4294967294,1422
4294967294,1072
4294967294,1426
4294967294,1420
4294967294,423
4294967294,132
4294967294,1424
4294967294,155
4294967294,420
4294967294,142
4294967294,759
4294967294,1471
4294967294,1596
4294967294,1563
4294967294,390
4294967294,761
4294967294,496
4294967294,1409
4294967294,586
4294967294,152
4294967294,393
4294967294,148
4294967294,1539
4294967294,584
4294967294,1537
4294967294,1536
4294967294,1470
4294967294,439
4294967294,1444
4294967294,1468
4294967294,430
4294967294,579
4294967294,1445
4294967294,1454
4294967294,1447
4294967294,1440
4294967294,1458
4294967294,603
4294967294,1439
4294967294,2180
4294967294,1428
4294967294,751
4294967294,1441
4294967294,602
4294967294,1241
4294967294,1427
4294967294,593
4294967294,542
4294967294,541
4294967294,540
4294967294,539
4294967294,1165
4294967294,538
4294967294,536
4294967294,537
4294967294,535
4294967294,534
4294967294,533
4294967294,532
4294967294,531
4294967294,530
4294967294,529
4294967294,528
4294967294,527
4294967294,526
4294967294,1164
4294967294,525
4294967294,524
4294967294,523
4294967294,522
4294967294,521
4294967294,519
4294967294,520
4294967294,518
4294967294,517
4294967294,516
4294967294,515
4294967294,514
4294967294,513
4294967294,512
4294967294,383
4294967294,1162
4294967294,382
4294967294,1161
4294967294,381
4294967294,31
4294967294,1101
4294967294,1107
4294967294,750
4294967294,747
4294967294,1092
4294967294,1117
4294967294,748
4294967294,1096
4294967294,767
4294967294,1094
4294967294,1462
4294967294,749
4294967294,1098
4294967278,190
4294967279,77
4294967294,472
4294967278,299
4294967279,278
4294967279,277
4294967279,294
4294967278,215
4294967279,215
4294967279,404
4294967279,403
4294967279,402
4294967279,401
4294967278,335
4294967279,400
4294967279,399
4294967279,398
4294967279,397
4294967278,329
4294967279,318
4294967279,315
4294967279,312
4294967278,306
4294967279,392
4294967279,391
4294967279,390
4294967278,301
4294967279,308
4294967278,322
4294967278,321
4294967279,304
4294967279,303
4294967278,285
4294967279,302
4294967279,388
4294967279,298
4294967279,297
4294967279,296
4294967278,289
4294967294,1027
4294967279,76
4243767290,0
4294967279,75
4294967294,1696
4294967294,1177
4294967294,1170
4294967278,187
4294967294,1176
4294967294,2185
4294967294,1175
4294967279,473
4294967279,74
4294967294,1168
4294967278,186
4294967294,1174
4294967279,472
4294967294,1167
4294967278,185
4294967294,320
4294967294,575
4294967294,574
4294967294,573
4294967294,572
4294967294,571
4294967294,570
4294967294,569
4294967294,568
4294967294,567
4294967294,566
4294967294,565
4294967294,564
4294967294,563
4294967294,562
4294967294,561
4294967294,560
4294967294,559
4294967294,558
4294967294,557
4294967294,556
4294967294,555
4294967294,553
4294967294,554
4294967294,552
4294967294,551
4294967294,550
4294967294,549
4294967294,548
